1725191361765 0.0010000000474974513 0
1725191371425 0.0010000000474974513 1
1725191780353 0.0010000000474974513 2
1725191780408 0.0010000000474974513 3
1725192188848 0.0010000000474974513 4
1725192188901 0.0010000000474974513 5
1725192591760 0.0010000000474974513 6
1725192591813 0.0010000000474974513 7
1725192997275 0.0010000000474974513 8
1725192997330 0.0010000000474974513 9
1725193442200 0.0010000000474974513 10
1725193442257 0.0010000000474974513 11
1725193846348 0.0010000000474974513 12
1725193846409 0.0010000000474974513 13
1725194254690 0.0010000000474974513 14
