1725191361765 3.126110076904297 0
1725191371425 3.244410753250122 1
1725191780353 1.6078847646713257 2
1725191780408 1.4928703308105469 3
1725192188848 1.289355993270874 4
1725192188901 1.5110458135604858 5
1725192591760 1.1150213479995728 6
1725192591813 1.0220757722854614 7
1725192997275 1.0014259815216064 8
1725192997330 1.1945191621780396 9
1725193442200 0.9133774042129517 10
1725193442257 0.7300288677215576 11
1725193846348 0.8668214678764343 12
1725193846409 0.587584376335144 13
1725194254690 0.814335823059082 14
