1725191361765 0.002953649964183569 0
1725191371425 0.002827798016369343 1
1725191780353 0.0019313872326165438 2
1725191780408 0.001968418713659048 3
1725192188848 0.001583297736942768 4
1725192188901 0.0018305705161765218 5
1725192591760 0.0013834710698574781 6
1725192591813 0.001259520766325295 7
1725192997275 0.0012455028481781483 8
1725192997330 0.001058220281265676 9
1725193442200 0.0011441244278103113 10
1725193442257 0.0008771444554440677 11
1725193846348 0.0010748187778517604 12
1725193846409 0.0012179557234048843 13
1725194254690 0.0010101179359480739 14
